100
1101111110
1010100010
1011110111
1010000110
1010100001
1010011111
1100111011
1000010001
1111011001
1100010010
1100110111
1101111101
1010100000
1101011001
1011110111
1100100100
1011111100
1001001110
1101110010
1001010000
1011001000
1011100100
1110000100
1000001100
1110001110
1000110011
1010010110
1110111000
1000010110
1000110100
1110111000
1010101011
1101001001
1100001111
1101110000
1110010111
1110010011
1101001011
1001111110
1000100101
1011011011
1000100010
1100011100
1110010000
1010100001
1001111101
1001110110
1000111001
1110011101
1000110000
1001111100
1100011010
1100000001
1010100110
1100000001
1110001101
1110111101
1010001111
1010111010
1010001010
1100100011
1111010101
1110001011
1111100001
1101010000
1010010100
1100000011
1100110111
1010010110
1000011011
1000111100
1111001100
1001000001
1101111110
1001111110
1011110100
1100001100
1001001000
1000111100
1101011000
1000001010
1011111000
1111001001
1100001010
1110101101
1010000010
1100100111
1000110100
1000001011
1010100101
1111000101
1111000010
1111100001
1011011001
1001000100
1101110000
1110010101
1000001001
1011001110
1100011001
1001110001
1110010101
1001110011
1000111000
1000001001
1010011010
1110111100
1110111011
1110001000
1011000011
1101101001
1100110100
1011101011
1001010000
1000011001
1110100011
1010101110
1001101011
1000011010
1101010100
1010111011
1011010101
1111010110
1001100111
1101001000
1001001110
1100000110
1011111011
1011101010
1011110011
1001100101
1000001100
1010100111
1010100001
1110110100
1100101010
1100001011
1101001011
1100101110
1101111011
1110010111
1111110110
1010100100
1001110101
1011100010
1001100110
1011000001
1010010011
1011101100
1001100100
1100110100
1001100110
1111111011
1100100011
1110000011
1111010010
1001011000
1011100010
1101101100
1000101110
1101101001
1100110000
1101011011
1101000110
1111101000
1001001100
1110101001
1100000111
1011000000
1010000010
1000111010
1111101000
1101110001
1001011011
1010011100
1111110101
1111010010
1110001100
1100001111
1011101111
1110010010
1110000011
1100000011
1001001111
1010100000
1100011101
1100110000
1011001001
1101000000
1101111111
1101111010
1100100111
1100100000
1001111111
1110100101
1110000111
